-2.543155883581710177e-14
4.587821689195269808e-11
2.176485880557634877e-11
1.343890095235412993e-11
-6.096425229538549962e-12
6.804690174536129732e-11
-9.610191312821863872e-11
-1.288265500678729915e-11
-3.161890132140955274e-11
1.793103843176869354e-12
-1.025204060967461755e-11
-2.226868254238078913e-11
5.458211055522229849e+00
-4.176537955320200446e+00
-1.794752414472403501e+01
-7.478129763636165439e-01
-8.032923384238273366e-12
1.972204149193322794e-11
2.518727437322271528e-11
2.855178950834372557e-11
4.856830973586073858e-12
-5.200608831410994392e-12
-1.111472608738554777e-11
2.307133891994097216e-12
-1.571610822132340831e-11
-4.719478486411819767e-11
-1.463957212777206803e-11
-2.136202398726264134e-12
-1.752981612799716849e-12
-8.975335079333955049e-12
-1.769659908979416707e-11
1.607525867446657023e-11
6.597466602992820128e+01
-2.683754984416606959e+01
3.578796141219179106e+00
-2.635927748434995888e+00
7.234271905031742778e-01
3.240694611048589024e-02
-1.287734578437940876e-02
-5.269223132747596905e-01
7.484142062001905016e-01
1.153518007876760815e-01
-1.849961909789807346e-02
3.961072726425617363e-01
-7.989479644556726767e-02
-3.466856203161486349e-01
5.478004743770134022e-01
1.485326391236506949e-01
-1.276788682480319015e-02
2.014050863354824195e+00
-2.237319335078388427e+00
1.511857407766484362e+00
8.480977336398604324e-12
-5.349041605998712056e-11
-3.781908034426114919e-11
9.626150370072927709e-12
2.163591228201118181e-11
-6.388222006163465440e-11
5.121326546806100311e+01
-9.707508791795838476e+00
7.062984009017294618e-01
9.966680468222771649e-02
-1.507293084182086407e-01
1.042653310985893311e+00
2.828359107291479324e-01
1.055866293268297396e+00
2.375947495215077476e-01
8.076334961563209625e-01
2.002087671707908911e-01
5.453304853003952957e-01
4.075781030028592933e-01
2.806660985992219803e-01
3.111066673305487029e-01
1.854777307593766800e-01
3.050494541597055520e-02
2.232377358622425478e-01
-1.224591400882710235e-01
1.063820912648537620e-01
-1.987541763101853542e-01
-3.908739927025700056e-01
9.330438552005914099e-01
-1.720379972886431297e+00
3.447023145639175895e-12
2.932043248464912679e-11
-1.261665071676728985e-11
2.143871829669914786e-11
-2.486801068138586501e+01
-2.681309593081649956e-01
8.668641572176974397e-02
-1.758844303313035207e+00
9.397864996114807523e-01
-8.212481035034538412e-02
-4.109756027018796054e-01
2.462087970704733286e-01
2.256776552131861679e-01
-2.150034614861138227e-01
-2.035879841482588631e-02
-3.046017368586825119e-02
8.318251254441011433e-02
7.982646652623867634e-02
7.663658419504948416e-02
1.705794894254872573e-01
3.815178355499767027e-01
2.203361436719534217e-01
4.640546163978120364e-01
2.783640334499508651e-01
4.952182836324972581e-01
-3.802581760065973926e-01
1.208350197744895826e+00
-1.265534925157780766e+00
1.242903985449203885e+00
-9.471750761780126221e-12
-9.392857238812269985e-12
-1.124458999456175263e+02
1.212557209650631407e+00
2.929837325549032201e+00
-3.628974797527539931e-02
5.492202532107941237e-02
-3.065594353634809588e-01
3.026164516915703095e-01
-6.324462997381818941e-02
1.373407149722346253e-02
4.740534131423498887e-02
1.229747061170626821e-01
-1.424938538286275591e-01
2.221503870340188480e-02
-1.426721481459201635e-01
1.410105896500428724e-01
-9.421971816442921421e-02
-1.630929788473786946e-01
-1.063985249039161862e-01
-1.120334559385381817e-01
-1.398589046296607463e-01
-2.846632427260873885e-02
-1.971112194917566118e-01
4.617166263030008100e-01
4.067983132613311320e-02
2.252336456284281252e-01
6.709313084658325987e-01
4.596081943600723640e+00
4.200344458180245468e-11
6.875945461292544714e-12
-5.783264603043688501e-01
-1.014021490230029965e+00
4.843434659932002728e-02
3.383905090728463461e-01
-1.784738903360448270e-01
2.335776162635559011e-02
9.937112787930355018e-02
-1.244643726108682624e-01
7.942633388213046763e-02
-5.180200589962052904e-02
7.071667766878299288e-02
-1.239914797748442876e-01
-1.300322916641115656e-01
-1.171914533305276444e-02
-4.740293170216941521e-02
-9.768887852291971430e-02
1.250715960625832790e-01
2.609355413451232286e-02
2.784871044463194806e-02
1.263590123529922254e-02
2.063884667685212393e-01
-2.823217119950683363e-01
3.849995819703387889e-01
9.961225485287630854e-02
1.377161813558285264e-01
-2.181613188732387312e-02
-1.038508979671566970e-11
1.355528281097465459e+01
5.952624372497673511e-01
4.133474684115818754e-01
-7.626158090382149923e-02
-5.074730678327404876e-02
-8.178402200889801910e-02
-1.204188866703863603e-01
2.784457542550546408e-02
1.365287465449862778e-02
-3.141253233781581000e-02
-2.561846974000640473e-02
1.551535253683962272e-02
-6.774820122613630161e-03
3.817933176634311088e-02
-3.284526311455846642e-03
2.900546043692316459e-02
1.065698401003945806e-01
-2.930126338903359801e-02
2.987453929553350943e-02
-9.910191147165343939e-02
3.690736812032522490e-02
5.527448675436230641e-02
1.177786872778800731e-02
2.689944602933096451e-01
-7.223157981366055275e-03
-6.605422492985675575e-02
2.065855397476327848e+00
3.736154760822684011e+02
-2.254819714243010864e+00
3.896802581779479357e-02
-4.666231533480316163e-01
1.559986529192392279e-01
-1.177109332097160677e-01
2.834034841408425986e-01
-1.466735039499418303e-01
-3.791181433595928324e-02
-2.850387228390047212e-02
1.439653641687025365e-01
1.134480995809274140e-02
5.186834829691187865e-02
-1.016201327684999184e-01
-3.168748282528507237e-02
1.594253883647700765e-01
1.792406986584541137e-03
-9.814947836155356320e-02
-8.063831386361733009e-03
-8.172796365274082042e-02
-2.250398825463024999e-02
-5.598518721713324070e-02
-9.693491550341098995e-02
2.009023970309165019e-02
1.396951751279392473e-01
6.207648658359345845e-02
3.506256122724825675e-01
-1.575017788572739219e+00
-8.753042310665153991e+01
-5.886206676102637703e-01
-2.588361898682156603e-01
5.160491167811891433e-01
-1.008304171562919294e-01
1.314984236583731092e-01
-2.398474609462996066e-01
2.485252016132479258e-01
1.118182450280732348e-01
1.786076985530990827e-02
-6.122301091728661604e-02
7.225786747649841357e-02
8.890547909197084320e-02
5.858990303594829516e-03
-1.376672656295633256e-02
7.693055983655686103e-02
-3.351766137294458214e-02
-6.928613407851080819e-02
-6.477943259733164039e-02
-3.918060236068723196e-02
-1.152150381646560931e-02
-1.132178368396902918e-02
-1.050746430792614539e-01
2.425211171990124814e-01
-7.429080205822828631e-03
3.877966255669945683e-01
-2.089549528796139921e-01
-3.635378950566304779e-01
-1.682543787927586720e+01
-3.268305435960676686e-01
6.842848397489449397e-01
-2.199914796999875022e-01
-2.598627542798206957e-01
-1.969944861103564010e-02
1.156047041971423744e-01
-9.047012368318586850e-02
7.284317127156669791e-02
1.964608535173812398e-01
1.529191555306449457e-01
1.776688571603609601e-01
2.071991502276062658e-01
-5.084538138745671454e-02
7.429293402920190276e-03
-1.365466397532767995e-01
-6.039546767937285093e-02
-4.191907482773791355e-02
-6.547571433084840853e-02
-5.021879251423161383e-02
4.466887030902888522e-02
1.903796608964069409e-02
3.475036829480909750e-02
-3.671183735586646540e-02
1.873796625009965799e-01
8.330817248927174790e-02
1.229311664859272513e-01
-7.609555205663346422e-01
1.353257494457628063e+01
1.199932462583175097e+00
-5.218578205562994787e-01
-3.921791157686605467e-01
3.091565869391965093e-01
1.431511526413888347e-01
-6.562602832364437810e-02
9.432422162374602681e-02
1.242240009617738700e-01
-1.048504123262593568e-01
1.247581890080863287e-01
1.321037756925205198e-01
1.046880547092364083e-01
-1.604434069271511165e-02
-1.663848792320460346e-01
-1.348941807715109964e-01
-1.476322472189760815e-01
-9.801355006831108385e-02
-1.831327715499203590e-02
-2.113565915520094346e-02
-1.932708236199316421e-01
-6.447595481417295327e-02
-4.582878219629588773e-02
-3.144739834798396250e-02
-1.174135842226495530e-01
-4.030588610070187650e-02
8.893205103399799416e-01
-4.840911964553781255e-01
2.341420727154988057e+00
-1.097742093491220539e+00
5.589118333560456620e-01
2.632548290789788470e-01
-2.926309538684639389e-01
-7.484248257790888925e-02
-1.366700093122407145e-01
8.078999156371770296e-02
-3.888461580573254056e-02
1.855494437321878742e-01
-5.712312635593771830e-03
5.989565592213724060e-02
2.736717964050896512e-01
1.886111959056509524e-01
-1.825327090903592908e-01
-2.463377847060072567e-01
-4.671442943039035359e-03
-4.199528752574128998e-02
-3.277678747631643241e-02
-7.455122129914301676e-02
4.609068624340893761e-02
-1.443410796181678335e-01
-9.414768249131587330e-02
-4.810130685237721387e-02
-2.568218015472681012e-02
2.463625560849616869e-01
-1.707182331812515663e-01
-9.320006071062648667e-01
-1.338738775293738525e+00
2.048877049831388408e+00
-8.681988078967417533e-01
3.045997791550743294e-02
-1.198325086314189630e-01
2.555522059065110096e-01
8.677296847346589737e-02
4.240073399562552248e-02
-9.579800956862259687e-02
4.915961263976463547e-02
1.299380594431252638e-02
6.658132431372708326e-02
1.764371886247182164e-01
2.597093020580595879e-01
-2.954379549435828811e-01
-2.155835721158935736e-02
1.136221895386296810e-02
4.934924817913490663e-02
1.006967879685972782e-02
5.228733423544481423e-02
-5.232893169848923387e-02
-1.612013541280015588e-02
6.590876965884268079e-02
-2.145823949726732849e-01
-1.140638726186815610e-01
-1.824895072962995357e-01
-6.053662916829882779e-01
5.042189042718424830e+00
-1.320803095545298902e+02
-1.221032932934299930e+00
6.106111206214925868e-02
5.077602620622395646e-01
4.410456545469138567e-01
1.155604995003733926e-01
2.162112032821185414e-01
-3.825704336241125825e-02
1.123398596550213846e-01
1.121959561529768147e-02
-4.178753975892173650e-02
-1.842356402705840057e-02
3.084175405616854104e-01
6.211153805063649586e-02
-3.667151563344281384e-01
2.139818834483413479e-01
3.315546084599432786e-02
7.709995125536785177e-02
1.765281196959241419e-02
1.513842352358088783e-01
5.956832447858513568e-02
5.295613335931041721e-02
1.172534892729880374e-01
-8.192643070497622818e-03
-2.169520024051036985e-02
-3.669987704677486057e-02
-1.035236172503769536e+00
-1.729324514610070196e+00
-1.259893247755540679e+00
2.430749214341662023e-01
1.539916609559086602e+00
-5.713048805037707067e-02
-4.211381333866311971e-01
-2.557964272390891303e-01
-1.892726012677460878e-01
4.781039685832745578e-03
-1.116365499502138953e-01
-1.026662456175396823e-02
-1.602545061495702916e-01
9.728081430915740124e-02
3.344947598307229097e-01
-2.988893736860455119e-01
1.157113999375844471e-01
-1.064949656149566798e-01
1.590167278175701471e-01
-1.095883256421268659e-01
-1.566519986037148982e-01
1.388282076021382302e-02
-1.804997639733428930e-02
-1.595688727792889117e-01
-6.188792661841444054e-02
6.042322522627580766e-02
4.224412703810875858e-02
8.046879736834908758e-01
-9.746213588670387118e-01
-1.059507963878337833e+01
-4.125315431943337718e-01
1.578866331735780726e+00
-3.339384706984141471e-02
3.598418419020191217e-01
1.282204581974137891e-01
8.650813185975393324e-03
-9.461373075392071064e-02
-5.096242109356245720e-02
-4.756856047612881971e-02
-1.920005420995594264e-02
5.388333139933996346e-02
6.271972621075276935e-03
1.679279732611887177e-01
-1.351239845750445701e-01
-5.555550814374819735e-02
-1.310942547305226358e-01
2.719514567215753353e-01
-9.094637005030972721e-02
4.419691815453620498e-02
-3.912928282200012209e-02
-1.467704397669217231e-01
8.651682673859845477e-03
6.233746036136837698e-02
-1.683688833011625363e-01
-4.467554240868706894e-02
2.829973272672972953e-02
4.798051955290592585e-01
1.144123374073263921e+00
-4.754418046439724106e-12
-1.080647756147931737e+00
6.140277669064632127e-01
-1.880039000973505736e-01
-1.263713456846328742e-01
-9.067552721606961241e-02
-8.581410537829310681e-02
-8.507642911915117012e-02
-1.097358012327051824e-01
-8.570191254048205309e-02
-6.695292883711814053e-03
4.629003142418139372e-02
8.449181131427913050e-02
-1.479364994103121445e-01
-1.278785407358871973e-01
4.752514617974419597e-02
9.062837620623274970e-02
-1.546259716995422862e-01
-1.300384255774864051e-01
-1.519138611081727666e-02
8.749324789817682774e-03
-4.220412851149635963e-02
-4.985314839693050920e-02
-1.421968433194800707e-01
-6.941595786862625461e-02
-5.977391284576749619e-02
-8.071257767767759939e-01
5.097300787564421620e-01
-1.957735667270538422e-12
-2.226434315977176670e+00
-1.524736800593295527e+00
4.245349573827569278e-01
-1.842406613013328753e-01
6.278160123426854144e-02
8.511666120618349707e-03
-9.486097963109166309e-02
-3.664683862274440568e-02
-1.283987982520285072e-02
1.401364647441791234e-01
6.186833166820811941e-02
-9.770295684098633665e-04
-2.955107441816241104e-02
-1.700189304935727508e-01
5.489014592070916299e-02
1.990652235381141361e-02
-3.418881230894209311e-02
3.303948139708058618e-02
-1.511147482979333379e-01
-1.857346655854729203e-03
-3.540708649736013652e-02
1.692394958794123799e-03
1.552969485066473254e-01
1.361476447966597503e-01
-2.792070273282544757e-01
-1.059248287400375438e-01
-5.816418121590322343e+00
1.313056060050374230e+00
3.728284788175839637e+00
5.021730342451216078e-01
-1.133545230241202462e-01
4.670752060165341835e-01
-1.600198574321210210e-01
3.355570794239781662e-02
-4.187434866028910685e-02
-7.383815017288934690e-02
2.892477054962265190e-02
1.118414707269745345e-01
1.814884045610868357e-01
-1.375011471304727062e-01
-1.271509184110126700e-01
6.941694522631028375e-02
1.420167313632608036e-02
-1.672868877910481042e-02
7.818256589658895139e-02
-3.003443679733404283e-03
8.163001751329153344e-02
7.941147503651092149e-03
1.145878277742704565e-01
-1.460771827781139065e-01
-7.665616295291144411e-02
-2.732325902007610163e-01
1.604605862480435463e-01
-7.526839461543659293e-02
3.199729564009659022e+00
-2.842786905874456806e+02
1.088696455339790425e+00
-5.495050308889263269e-01
4.617587120725095279e-02
-2.027409094610649332e-01
6.585463316212517015e-02
5.034067590179730489e-02
7.497418936764395359e-02
2.442103678527350955e-02
-6.455589952685215904e-02
4.569712391314265792e-02
2.582414288768625221e-01
-1.240888258088911067e-02
-1.725868734413704975e-01
-3.894771684331071321e-02
-2.777995369536341921e-02
-7.991501656497473904e-02
5.292712880601677106e-02
-4.128124537695827129e-02
-6.525893875249917653e-02
-3.043377304973368669e-02
-8.785834568038823622e-02
1.663414079016383162e-01
-7.552560013966666541e-02
5.685924604900519791e-02
5.247988151869706352e-03
-7.362443991477343186e-01
-1.860667950362398848e+00
7.061174421601852804e-13
7.064561539358542308e-02
-3.191943938261247726e-02
7.831912325857338930e-02
3.538310682943109076e-02
-1.207536076495785426e-01
3.707538951236585834e-02
-1.337197094029298206e-01
1.658551884170515744e-02
-2.067231414844599227e-02
5.457244223582685683e-02
-3.585609410305733158e-02
1.089829154291169638e-01
7.292448028224737810e-02
-8.319066894840930482e-02
1.897052680431718374e-02
-1.113242704519350201e-02
-7.343209538415546023e-02
-6.862414747958607564e-02
1.987096917444330924e-02
-3.123503505431981381e-02
-1.007793882353708592e-01
5.228210756529294567e-02
-1.103452627995000074e-01
-2.604122051837383378e-02
-2.937136854284649323e-01
8.389235504308123481e-01
2.422342471547824339e+00
-6.082781761006540222e+01
-4.111938848212970399e-02
8.516905331737246732e-01
-3.121208094459455018e-01
-9.539660544951261700e-02
1.024206088320841479e-01
-6.235564809333667136e-02
1.460314807508460155e-01
-8.086121423469286307e-02
-5.607539922836150131e-02
-3.563024516657768703e-02
8.883480055773428433e-03
5.784330163706202961e-03
4.022176046831243273e-02
-1.646859843834482667e-02
-1.181039497327661253e-01
-4.086664509341150775e-02
-9.872576376257788042e-03
-1.142303273857116219e-02
5.078186037934108443e-02
7.533937384921429031e-03
-2.803575021269517215e-02
3.570063416755504815e-02
1.283736274661098631e-01
1.112255828207474456e-01
-9.054113676568240066e-02
-8.683672801648212314e-01
9.983595867353177327e-13
-5.892722096611768023e+01
-2.859085812554867800e+01
-9.524945896390779598e-01
4.358184693185766512e-01
5.185669529781318510e-02
1.286636782336560703e-01
-3.265129641083746453e-02
-7.440857125864666632e-02
2.072623930858679547e-02
-1.101774732827598413e-01
9.392313166015572173e-03
4.724869526168913592e-02
2.879348151038836623e-02
7.240886879921296093e-02
8.780484596803755926e-02
-6.212315382896237137e-02
1.958308380899911189e-02
-4.899964718005384023e-02
-4.379266727380320620e-03
-1.423421102633923019e-01
1.102990310982141925e-01
-1.447005136318019469e-01
-8.031761982493414165e-02
-4.879496977271068070e-02
3.450590029872218634e-01
-1.119623781009506436e+00
-5.059203901364311973e-01
-1.348202340300689956e-12
-1.301463833967702690e-12
3.503339397055353191e-13
1.601423718523982354e+00
-5.078014973172467750e-01
4.873236533443321694e-02
-1.511021303002438587e-01
8.996785990847011583e-02
-1.310509266872184053e-01
2.782222000040552451e-02
-4.297604627407492633e-02
-2.109533397221620768e-02
-3.914437184268841630e-02
-6.114096034077048936e-02
-6.486937707169430911e-02
3.015904890366527535e-02
-9.634421223102443421e-02
8.006303197335917776e-03
-7.529881242419961263e-02
-2.801934468240077636e-02
-9.985892435302627657e-02
-4.712039740233259222e-02
1.765414299821367605e-01
1.263843739848629355e-01
-5.624121150162247895e-01
3.128986063051424071e-02
2.576236370115472796e-01
-2.594431740538741593e+00
1.405652719373321766e-13
-3.965572551182711253e-13
-1.604883187534130486e-13
-1.732403877438047246e+00
5.845457555599612443e-01
9.616037015521254616e-02
-3.121931323517544987e-01
-2.122243384763936036e-01
-1.617981187601934545e-01
-4.935845333871986124e-02
1.768116568042062825e-02
5.420286745418240182e-02
-4.496602751323223318e-02
8.797766995865750894e-02
6.231068292582725432e-02
5.371299947361669186e-02
2.148212147872292574e-02
2.615118513236258657e-02
-1.516390052859780367e-02
-5.656088066256456659e-02
1.192231240098666906e-01
-2.628832612862375129e-02
-2.036850336818524509e-01
-8.126542098207505116e-02
4.362706394792279507e-01
1.427920342407087984e-01
1.281401786067128956e-01
-2.598264304382956311e+02
-1.400159720205658298e-13
-6.661742218793732090e-14
8.710784525891479924e-14
1.065516679419030233e+01
-2.513948251043368831e+00
2.820500941666939099e-01
7.724761497864329751e-01
3.125094503685135194e-01
4.798734868823060218e-01
2.105774660094906769e-01
3.049240108581402486e-01
9.552065855652104587e-02
3.300710256081237359e-01
1.639131881299993321e-01
2.505430599306288086e-01
1.800661420581597949e-02
2.468737233536383857e-01
3.978763581108603620e-01
4.217072068365672610e-01
5.309216211424410137e-01
3.483068356538987498e-01
4.692551807000303610e-01
5.960939356499742603e-01
3.440450691085285562e-01
5.833335830969986757e-01
1.031838391210651573e-02
2.542114464575532473e+00
1.965746485355604705e+02
0.000000000000000000e+00
0.000000000000000000e+00
0.000000000000000000e+00
0.000000000000000000e+00
-7.569607188029873868e+00
4.984895712266091544e-02
8.458029711320262933e-01
-3.844909064736564686e-01
1.955048093865497938e-01
4.222025395886787602e-01
-1.981414559175459153e-02
2.743310575100876281e-01
2.549572974772862377e-02
-1.318152159441173810e-01
3.266145380045245572e-01
5.563865531402571035e-02
1.457575521742945635e-01
3.702653007484961456e-02
7.130468458852422253e-02
-1.295465526905528741e-01
5.643805207116203704e-02
3.231159668853397782e-02
7.677309664425910340e-02
-1.334056200759111688e-01
1.282236638018464658e+00
2.203751346540538236e+01
-1.152820684528741424e+00
0.000000000000000000e+00
0.000000000000000000e+00
0.000000000000000000e+00
0.000000000000000000e+00
0.000000000000000000e+00
0.000000000000000000e+00
-1.982762486990682138e+00
8.683770745329741914e-01
6.941169590354596686e-01
1.110868984224012923e+00
-4.647502173892537058e-01
-1.788758760441662155e-01
3.923462629521068390e-01
-2.388777453600504919e-01
4.563338736293013898e-01
-3.246204833428559255e-01
5.858750873174445317e-01
-4.859385146814564765e-02
1.675845845943452206e-01
3.514597654340207433e-01
-4.360076157805635177e-01
1.254402223530172167e-01
-1.496158262857185450e+00
1.706607338136508556e+00
-2.013623582759708430e+00
1.167923045325787790e+01
