7.796772465574893123e-06
-5.914226601838250101e-03
2.923679137407790866e-04
-1.241928580254802105e-03
-9.761316900598023590e-04
1.945907193596284703e-05
3.865311009348201430e-04
-1.304487779916390158e-03
1.698537739375991819e-03
1.080734874376190887e-03
2.402580152636204537e-03
-2.258128335727624825e-03
-2.586979510896253356e-03
1.162050113378240365e-03
-9.844934741800794465e-04
-2.626421824779605276e-04
1.376454649577766838e-03
-1.151882170069263049e-03
-2.563012833993160160e-04
-1.379997472367046948e-03
-1.394691863304172493e-03
-2.119012708969410502e-03
3.702224833529894898e-03
-1.105621888772066351e-03
-1.612868210266028650e-04
-3.019626902624428840e-03
2.148428012415156546e-04
-1.043646875082506528e-03
-1.758634860712324352e-03
6.233224922005804920e-03
5.151354325743272766e-04
-2.638215020422202736e-03
-2.033026690185051749e-03
1.694120285848931028e-03
6.458462135316845720e-04
4.368202599482803525e-03
2.732323290383722753e-03
4.205140319939583947e-03
-5.056827673636165796e-03
-4.804070752596536218e-04
1.223850936797139626e-02
-5.102885586168633310e-03
1.635328023144133006e-03
8.406490855161375276e-04
7.034494197615283047e-05
-6.155114708575937232e-03
1.158816392376724874e-03
7.511065503577788773e-03
-7.367321743837265680e-03
1.180156518057362894e-02
2.288387949933602325e-02
8.813747762220661836e-03
3.065647110036187097e-03
-3.765674831004887837e-03
-2.589821102500462074e-03
2.730585401212516118e-03
-3.193532939426595770e-03
4.930398945648457225e-04
-1.968095790842063625e-02
-7.888307069584280179e-04
-6.563369379740887927e-04
-5.147750470382446951e-03
-5.404858063168741303e-03
2.096276164103702631e-03
1.120804596398979015e-03
-1.118213426864183603e-03
7.026257685380953542e-03
-2.316558711765702612e-03
9.058580560164734147e-03
-1.114449423878615120e-01
-6.563369379725342637e-04
-3.126859579373386135e-03
4.247593851713945927e-03
9.421085271362892493e-04
4.653524795824722123e-03
5.684063523859779607e-04
1.366367839641271934e-03
3.191727056821589640e-03
-1.087161594039165978e-02
1.180156518057395160e-02
2.288387949933636326e-02
9.411821826710143821e-03
2.378805345355667136e-03
-4.869702492971632324e-03
1.860212396645888420e-03
-5.908893976657694953e-03
-4.525291532705089104e-03
-2.913632766601172933e-03
-3.288487144360066313e-04
-8.629763308629023960e-04
-1.031505212141116358e-03
-4.037994198084492864e-03
-3.197568769291959587e-03
6.542417459542494360e-03
-2.721688120926391073e-04
6.736152996974294378e-04
2.442697887288351050e-03
8.650420269198291073e-03
-8.368854762789722235e-03
-4.788953969822509933e-03
1.493199094006273861e-02
4.129121903853883151e-04
-8.534296891738463045e-04
-1.906186659596162446e-03
-1.212375663972560438e-03
2.575096849058554176e-03
-1.676677372986350254e-03
4.845689578547703264e-04
-2.195296308631552833e-03
6.206035416968702124e-03
-5.793267174540477071e-03
6.779826540743239330e-03
-5.808261214014004328e-04
-1.658320582198934698e-03
-1.004726684402071531e-03
8.103297454581851302e-04
-3.519428317538280835e-04
-3.735227755182274280e-04
1.338738643241858773e-03
-8.657337085359606294e-04
1.388308395389127028e-03
-4.649302254942228041e-03
-1.670215169226065303e-03
-3.703229616874846499e-03
4.859534280356428600e-03
4.718343525568542305e-04
5.788213343592310371e-04
-7.488617571043931472e-04
-4.539414282766618251e-04
4.017154817941495778e-04
9.153538296050281638e-04
-4.484267828234857547e-04
3.700804231185354960e-03
1.644775289965667592e-03
-1.109049271904479807e-03
1.834398971659821067e-03
6.815039693071768111e-04
-5.973008333528362183e-04
-6.082898695504105474e-04
3.344190070733747341e-03
-2.707843254321908402e-05
1.848142058539311737e-04
-4.123702409351980187e-03
2.549280986671821625e-03
-1.450566432107705658e-03
5.933971057702034247e-04
1.179317627446504081e-03
-4.727803066430643578e-04
-3.331887410173956822e-03
-1.431737861770966637e-03
2.381744146337098130e-03
2.342762946926904045e-03
-2.377358279805321588e-04
-1.039042947096016417e-03
1.171166792981862209e-03
-1.250954627050787030e-03
3.094800266783113594e-04
-5.739630118263467501e-03
1.094251237693125243e-03
-2.257062368542572979e-03
3.616793347644781326e-04
-2.155041120966586909e-03
5.349703342685641723e-04
-1.370265351566212733e-04
3.504947632484192960e-04
-3.659917045134077626e-04
-6.171988231865495333e-04
-2.413839400401673711e-03
-8.340024430302080127e-03
4.315798864315506891e-04
-5.244974524813779404e-02
4.492758921141775720e-04
-7.374389214375490741e-04
-1.847191699167942272e-03
-8.795041460798810754e-04
2.403117736266895729e-03
-4.533099308969430405e-03
-4.624118404941731167e-03
-1.333606557995722745e-02
8.255614255724998130e-02
-6.563369379731819660e-04
-1.322312913371241454e-04
4.300458854842857150e-04
5.924865399014779413e-04
2.875887794598608441e-05
2.361685327858605206e-04
5.843980615242204760e-03
-1.767507182705031418e-02
6.634338571286700278e-03
8.255614255724885719e-02
-6.563369379736982631e-04
1.264298620323421173e-03
1.860356255071562255e-03
2.130484579797769021e-04
-4.661122336364153618e-04
1.383478718930774339e-03
-4.497721440582926142e-04
1.208421067753262870e-02
4.495164734722981517e-03
-1.204650085662769751e-02
-5.244974524813724587e-02
-1.636657630343919768e-03
1.658762925243002263e-03
-5.145372790188666723e-03
-5.882037455500347192e-04
-1.581746576969186814e-03
1.064168074694705601e-03
2.577554993107693433e-03
3.321609290115028028e-03
1.589931775956469158e-03
3.604422237001956718e-04
6.994335612974129099e-04
-2.521535684707698621e-03
-2.512929725013199442e-04
1.156488238450150254e-03
9.821391789516702511e-04
1.083274926575421705e-04
1.709465398148736709e-03
1.764330502826520156e-03
1.670618649821686060e-03
-8.515577237822874327e-04
-7.749587605859508451e-04
7.265217440506762606e-04
-8.356912535333049785e-04
-6.721833377959938929e-04
-2.991994148130594370e-04
4.652131776844475788e-04
5.415658910533791221e-04
3.605682436161596559e-04
-1.924850032865018518e-03
-2.889356628502434817e-04
3.336449152289132705e-03
1.940941928096955255e-03
2.321469012263313678e-03
-9.085156019477680367e-04
-7.215465366730326128e-04
-1.415722637917529898e-03
-2.435905521860955039e-04
-4.751471431890580866e-04
1.061104722373018604e-03
1.334589743921304073e-03
3.961292028209223090e-03
2.042013577950746743e-04
1.536629850125993116e-03
1.331338640000056910e-03
-2.294697125081459298e-04
7.746496546281458288e-04
-1.241824024903017245e-03
1.368337740266791294e-02
-9.344073729759173495e-04
-2.043860736142119692e-03
-3.646172164240499280e-04
-5.684842263005768703e-04
-8.959210963072589779e-04
1.601913670258689644e-04
-5.166627588707788056e-04
-5.371442719303998192e-02
-2.473792607769665156e-03
4.161189743523556776e-04
1.862927821561243306e-04
-9.081046505051041740e-04
9.217096190227018525e-04
1.044450134229985352e-03
1.259406508129687222e-03
-1.862793116717560921e-03
-3.101089700377803512e-03
1.119056459249624007e-03
-3.262256734924438091e-04
6.196708678040804483e-04
3.245363019961310081e-04
-1.026699629734849611e-03
2.731952466910009258e-02
1.173900355583886237e-02
-4.785610781771825156e-04
8.236670402376127615e-04
-1.927201326459983635e-04
4.367754092451310880e-04
6.609157239201407215e-04
-8.756872124343600267e-03
-4.527864802980422106e-03
-6.563369379739127183e-04
4.538207074488054445e-03
-8.997995576731767980e-04
2.129794723753016298e-04
-3.533990732082035601e-04
-6.179358205408018749e-04
2.972058589289099800e-03
1.315535544158180636e-02
1.173900355583910177e-02
-5.262551794108790522e-04
2.940499233574725164e-04
1.949834289947533330e-03
9.774504034978783536e-05
3.787948224477226161e-04
-3.819255937392375443e-04
-4.251110655163434573e-03
3.914244087434569884e-03
-9.898662596403700210e-04
4.383461251676761851e-04
-1.345285084820540015e-03
-8.908373523558489886e-05
2.710734295320762328e-04
-1.491534776838669219e-03
-7.473999876499131355e-03
1.650739811591146050e-02
4.686068228603369897e-04
-7.373189490042474092e-04
3.890230730902413843e-04
-5.716522960751509088e-04
-6.045030600376813650e-04
1.174316894702488647e-03
-1.024995805150329987e-05
-4.074770060366750789e-03
-1.323270656491378925e-03
7.057861231224291793e-03
-1.570476898409508366e-03
-1.291237158385794915e-03
8.767928485943900056e-04
-1.454061899244105159e-03
-8.435341403478510214e-04
3.370770417148968943e-03
1.274689406943196445e-03
-7.087435645845281337e-03
1.751698292404080650e-03
8.443771495715193375e-04
3.331837923912406036e-03
1.759131438435606329e-03
1.546635318993191217e-03
-1.368472166140059310e-03
2.404676149245096818e-04
1.104842658206652136e-03
-8.673253001668415315e-04
1.533652142154341399e-03
-4.513344173922324322e-03
-5.352603742019830611e-04
4.350986361456123976e-04
1.043700554274684840e-02
-3.832581707668615979e-05
5.854332649254432403e-04
-5.106462664852335276e-04
2.124924152409975089e-03
-5.064046393325233900e-05
-1.705810647192272309e-02
-3.712711227867242225e-02
3.559245298347083527e-03
-3.156748743291974213e-04
-1.049059801245721436e-03
-8.478375770448321044e-04
9.432677436828357112e-04
-1.390041841462457772e-04
3.451655296752684232e-02
-1.103932982826974669e-02
-6.563369379738684829e-04
8.126427036922322274e-04
4.574583435751690169e-04
5.920033207319647670e-04
1.354646772723310400e-03
-1.088075747844204078e-03
3.497396537452581843e-03
-1.219010439943922844e-02
3.559245298347083527e-03
4.783471264032213921e-04
-1.522427188783999743e-04
-2.076253507112032614e-03
-3.808672921641998322e-03
-2.328250352815575824e-03
3.148396562005593567e-04
2.256559646332196092e-03
-1.238949858990175297e-02
9.346959347942917053e-04
3.889690475302496698e-04
6.444594490033155433e-04
2.722091445057755674e-03
1.999865800850176949e-03
2.922185920159907141e-04
-8.769768900649175082e-04
-3.003053836521735014e-03
-2.771870090189971440e-03
-1.367475758718175900e-03
1.403601364633479424e-03
-5.531778851540710557e-03
1.089100235037796698e-03
1.077152625748798971e-04
-1.303486613103847390e-03
-3.638838136425459288e-05
